NUCLEOTIDE STATISTICS FOR: ../raw_sequences/03
GC Content: 0.4288308638196557%
Nucleotide Frequency:
A: 0.2849652528866393
G: 0.21501440082761936
T: 0.21381646299203633
C: 0.286203883293705
Dinucleotide Frequency:
CC: 0.04805680876900931
GG: 0.048213949673092234
AA: 0.08957996574103115
TT: 0.08997418514318802
CG: 0.04673743636758426
CA: 0.06306786653477768
CT: 0.05595438571095403
GC: 0.047544371798274185
GA: 0.06581517849244453
GT: 0.053440935446773946
AC: 0.052690937457276814
AG: 0.05585997249632078
AT: 0.08683442302588723
TC: 0.0655242185175356
TG: 0.06420307687358762
TA: 0.06650228795226262
