NUCLEOTIDE STATISTICS FOR: ../raw_sequences/06
GC Content: 0.5669715230897696%
Nucleotide Frequency:
A: 0.21585131693372744
G: 0.28327572229635556
T: 0.283695800793414
C: 0.217177159976503
Dinucleotide Frequency:
CC: 0.0720199903395239
GG: 0.07194373343171298
AA: 0.04767292822722657
TT: 0.04845394349001814
CG: 0.08594343677142324
CA: 0.07307484586976613
CT: 0.05265758176223819
GC: 0.09171005640348842
GA: 0.06117610591533011
GT: 0.05844588041547654
AC: 0.058593449892936064
AG: 0.051964994085810894
AT: 0.05761979560866704
TC: 0.06137235810700308
TG: 0.07342361187706094
TA: 0.033927287802317754
