NUCLEOTIDE STATISTICS FOR: ../raw_sequences/10
GC Content: 0.26836151917950685%
Nucleotide Frequency:
A: 0.36680020215410236
G: 0.1345782098295679
T: 0.13378330934993896
C: 0.3648382786663908
Dinucleotide Frequency:
CC: 0.02265856906947511
GG: 0.022633631005494946
AA: 0.15082268335127055
TT: 0.14975969837411615
CG: 0.0025994035126821746
CA: 0.05015979843809788
CT: 0.058365200802070485
GC: 0.021720274412221522
GA: 0.05278647795825836
GT: 0.037437878892968166
AC: 0.03730734371432201
AG: 0.05939467525575154
AT: 0.11927564275911623
TC: 0.052096784626307006
TG: 0.04995055249501434
TA: 0.11303138533283354
