NUCLEOTIDE STATISTICS FOR: ../raw_sequences/20
GC Content: 0.46248575906205036%
Nucleotide Frequency:
A: 0.26963323901776304
G: 0.2346248682880387
T: 0.2278608907740117
C: 0.26788100192018655
Dinucleotide Frequency:
CC: 0.05140165671003937
GG: 0.05499438652680855
AA: 0.08620839972422041
TT: 0.0850568220414001
CG: 0.04922900991597708
CA: 0.05916370749178037
CT: 0.06806610366124681
GC: 0.036780952594900856
GA: 0.08830776916456863
GT: 0.054541885495844315
AC: 0.0536967890077551
AG: 0.06951239537250838
AT: 0.060215799132331944
TC: 0.08598161433754331
TG: 0.06088920196682836
TA: 0.03595350685624641
