NUCLEOTIDE STATISTICS FOR: ../raw_sequences/36
GC Content: 0.380644385517464%
Nucleotide Frequency:
A: 0.3100522537460472
G: 0.19039708205968783
T: 0.19024730345777616
C: 0.3093033607364888
Dinucleotide Frequency:
CC: 0.03863448181295586
GG: 0.03842036147310575
AA: 0.10916762036358267
TT: 0.10870879106390384
CG: 0.02867841339992511
CA: 0.06427407403500815
CT: 0.058660534878937624
GC: 0.03728330863390168
GA: 0.06267502755612749
GT: 0.05201858522358699
AC: 0.05213461102350577
AG: 0.058833518798816535
AT: 0.08991577581705895
TC: 0.06219510265646343
TG: 0.06446498921487451
TA: 0.07393480404824564
